tree
version=v4
num_class=1
num_tree_per_iteration=1
label_index=0
max_feature_idx=10
objective=lambdarank
feature_names=Column_0 Column_1 Column_2 Column_3 Column_4 Column_5 Column_6 Column_7 Column_8 Column_9 Column_10
feature_infos=[0:0.69999998807907104] [0:1] [0:1] [0:1] [-1.3899999856948853:1.8600000143051147] [-36:60] [-4:5] [-36:37] [-3:3] [-2:4] [0:1]
tree_sizes=1741 1742 1742 1719 1717 1722 1752 1731 1723 1738 1736 1743 1744 1728 1746 1734 1738 1719 1731 1747

Tree=0
num_leaves=15
num_cat=0
split_feature=0 7 0 5 3 8 5 10 3 7 4 5 8 7
split_gain=57.2101 28.7204 15.3769 14.615 14.3949 9.86472 7.10716 6.6392 5.58241 4.93779 3.76797 3.66837 2.30392 2.26407
threshold=0.35000000894069677 -1.0000000180025095e-35 0.15000000223517421 1.5000000000000002 1.0000000180025095e-35 2.5000000000000004 36.500000000000007 1.0000000180025095e-35 1.0000000180025095e-35 -1.0000000180025095e-35 1.0000000180025095e-35 7.5000000000000009 1.0000000180025095e-35 -24.499999999999996
decision_type=10 8 8 8 10 10 8 8 8 8 10 8 10 8
left_child=2 -2 -1 -3 5 13 7 -6 12 -9 11 -11 -5 -4
right_child=1 3 4 8 6 -7 -8 9 -10 10 -12 -13 -14 -15
leaf_value=-0.091517223583021279 -0.065264423564936447 -0.063044134176343358 0.0070353838928171727 0.0026464822733396477 -0.057974950117397429 0.019602988020528189 -0.064748155180425676 -0.035427856356078716 0.07480906416093501 0.031932522799105488 0.062342408728456936 -0.051717168128978475 0.048278202021088831 -0.089667287738903673
leaf_weight=10.788593154458793 4.8572346807341091 1.7059303786081725 0.49696192936971784 5.2301126891397853 1.3795331660367054 2.5241345561807966 1.8367309714376485 1.5047343331389127 25.166638057853561 2.5713745247921915 7.8386573441093788 1.071129553194621 5.1793335130205378 8.6780010391375981
leaf_count=785 312 110 12 213 72 75 116 100 240 53 93 86 91 693
internal_value=-1.01688e-09 0.0398582 -0.0433223 0.0549011 -0.022165 -0.0620662 0.0085797 0.021559 0.0621258 0.0335492 0.0447036 0.00149274 0.0275925 -0.0842527
internal_weight=80.8291 42.1392 38.6899 37.282 27.9013 11.6991 16.2022 14.3654 35.5761 12.9859 11.4812 3.6425 10.4094 9.17496
internal_count=3051 966 2085 654 1300 780 520 404 544 332 232 139 304 705
is_linear=0
shrinkage=0.05


Tree=1
num_leaves=15
num_cat=0
split_feature=0 4 7 10 4 6 8 7 0 5 5 5 0 5
split_gain=62.471 51.1127 55.0393 49.8997 30.2172 32.9524 27.5284 21.5706 18.4287 27.7294 14.6826 16.4673 14.0894 12.4424
threshold=0.15000000223517421 1.0000000180025095e-35 -1.0000000180025095e-35 1.0000000180025095e-35 0.18500000238418582 1.0000000180025095e-35 -1.0000000180025095e-35 4.5000000000000009 0.35000000894069677 7.5000000000000009 24.500000000000004 4.5000000000000009 0.55000001192092907 56.500000000000007
decision_type=8 8 10 8 10 8 10 10 10 10 8 10 10 10
left_child=-1 -2 4 7 5 -3 -5 -4 9 -8 11 -7 13 -12
right_child=1 2 3 6 -6 10 8 -9 -10 -11 12 -13 -14 -15
leaf_value=-0.087971416969370733 -0.091105445967628221 -0.089190577485557421 0.012488557384407923 -0.048534623125797496 -0.072523245857172819 -0.044213931047294729 -0.079799027958082192 -0.088499963359825407 0.068150443968734403 0.041580943478163733 -0.064855477733017794 0.037222869064341947 0.030601060081261663 0.054400048445184569
leaf_weight=17.696209196001291 11.586096643935887 8.5813951138406974 10.33844148903154 6.2363044046796849 17.931245375890285 6.4254697053693226 4.7515709591098156 9.3805306698195619 69.602387916762382 25.744467003038153 13.763753892155366 40.700364311924204 7.6445852296892545 1.7869632951915253
leaf_count=785 184 96 102 97 522 132 138 185 129 197 228 236 17 3
internal_value=-1.11279e-10 0.00698478 0.0124678 0.0341304 -0.015792 -0.0021531 0.0476403 -0.0375055 0.054053 0.0207356 0.00956984 0.0254312 -0.0223748 -0.0486927
internal_weight=252.17 234.474 222.887 126.054 96.8338 78.9025 106.335 19.719 100.098 30.496 70.3211 47.1258 23.1953 15.5507
internal_count=3051 2266 2082 848 1234 712 561 287 464 335 616 368 248 231
is_linear=0
shrinkage=0.05


Tree=2
num_leaves=15
num_cat=0
split_feature=0 7 6 3 0 3 4 8 8 5 4 8 6 4
split_gain=78.1097 37.8413 27.3156 24.4275 24.1381 24.4644 23.1661 20.1915 15.8845 12.4442 11.8834 13.9453 9.14247 12.9293
threshold=0.35000000894069677 -6.4999999999999991 1.0000000180025095e-35 1.0000000180025095e-35 0.15000000223517421 1.0000000180025095e-35 0.014999999664723875 2.5000000000000004 1.0000000180025095e-35 -1.0000000180025095e-35 0.79500001668930065 1.0000000180025095e-35 2.5000000000000004 1.4550000429153445
decision_type=10 8 8 8 8 10 10 10 8 10 10 10 10 10
left_child=4 -2 8 10 -1 7 -5 -6 -3 -7 11 -4 -11 -14
right_child=1 2 3 6 5 9 -8 -9 -10 12 -12 -13 13 -15
leaf_value=-0.083215258264207323 -0.079684077832511427 0.023541376888985444 -0.019616651228731876 0.019564083713368721 -0.077772534147787439 -0.072924897310797293 0.071559051632670082 0.011181802927141483 -0.085479510434664271 0.023136044556598935 -0.074435006057587336 0.041514681634406525 -0.076914953034701652 0.055888973537300483
leaf_weight=19.790974959731102 7.5925151519477367 5.1659154705703241 17.434810309670866 38.108442618511617 23.072880535386503 3.8240061094984403 51.046891580335796 8.3671596460044402 6.9399374397471547 32.358925219625235 3.492927446961402 18.035155909135938 4.8022893816232672 1.8338800631463525
leaf_count=785 221 21 202 164 705 113 114 75 97 283 64 83 120 4
internal_value=1.68267e-09 0.022615 0.0286791 0.0355002 -0.0354075 -0.0217298 0.0497979 -0.0544841 -0.0407107 0.00301474 0.00235664 0.0117524 0.0120988 -0.0377022
internal_weight=241.867 147.817 140.224 128.118 94.0501 74.2591 89.1553 31.44 12.1059 42.8191 38.9629 35.47 38.9951 6.63617
internal_count=3051 966 745 627 2085 1300 278 780 118 520 349 285 407 124
is_linear=0
shrinkage=0.05


Tree=3
num_leaves=15
num_cat=0
split_feature=0 7 10 4 5 0 7 7 8 5 7 9 7 3
split_gain=71.6048 32.1293 22.0185 21.0027 19.0931 17.9788 14.2147 14.7038 14.2058 13.6301 11.3189 15.5048 11.2923 10.2948
threshold=0.35000000894069677 -1.0000000180025095e-35 1.0000000180025095e-35 0.18500000238418582 7.5000000000000009 0.15000000223517421 8.5000000000000018 25.500000000000004 2.5000000000000004 7.5000000000000009 -1.0000000180025095e-35 inf 17.500000000000004 1.0000000180025095e-35
decision_type=10 10 10 10 10 8 10 10 8 8 8 8 10 8
left_child=2 3 9 -2 -4 -6 10 -8 13 -1 11 -7 -10 -3
right_child=1 8 4 -5 5 6 7 -9 12 -11 -12 -13 -14 -15
leaf_value=-0.014118117504227366 0.0066102430772585017 0.017507672610517298 -0.076981361380933963 -0.077394296843638175 -0.072037931057221283 -0.073975554431401663 -0.080891361412611662 0.05409391236271615 -0.075547327969021583 -0.082632907942130185 0.039752946953361561 0.055697305904337725 0.050030867670326211 0.059924453920969581
leaf_weight=10.622803618200122 53.988603505305946 20.694974631071091 9.038974348921327 7.6093594087287775 6.6649205936118951 4.9757925579324365 6.1127136927098018 2.0166386403143406 3.6155699100345364 25.673591223545372 27.231118314899504 2.8481325525790453 2.0536048449575901 54.565670950338244
leaf_count=213 404 150 323 245 270 138 94 5 49 875 155 12 4 114
internal_value=-1.3142e-09 0.0223708 -0.0333819 -0.00483765 -0.0140698 -0.00137273 0.010917 -0.0451484 0.0428861 -0.063497 0.0248103 -0.0258085 -0.0293769 0.0486433
internal_weight=237.712 142.528 95.1847 61.598 58.8883 49.8493 43.1844 8.12935 80.9298 36.2964 35.055 7.82393 5.66917 75.2606
internal_count=3051 966 2085 649 997 674 404 99 317 1088 305 150 53 264
is_linear=0
shrinkage=0.05


Tree=4
num_leaves=15
num_cat=0
split_feature=0 7 5 0 3 8 8 10 4 5 3 5 4 4
split_gain=59.9481 29.4702 27.7701 19.8764 21.3212 19.0145 14.2793 13.5336 12.86 15.6182 15.1373 11.0917 8.87594 17.7377
threshold=0.35000000894069677 -6.4999999999999991 1.5000000000000002 0.15000000223517421 1.0000000180025095e-35 -1.0000000180025095e-35 2.5000000000000004 inf 0.014999999664723875 11.500000000000002 1.0000000180025095e-35 36.500000000000007 0.27500000596046453 1.1150000095367434
decision_type=10 8 8 8 10 10 10 8 10 10 8 8 8 8
left_child=3 -2 -3 -1 6 7 -5 -4 9 -7 -10 12 -6 -14
right_child=1 2 5 4 11 8 -8 -9 10 -11 -12 -13 13 -15
leaf_value=-0.075491951347560871 -0.072896106522317455 -0.076177699792913847 -0.073521484184882371 -0.070995620849094734 0.04357431053021564 0.038874288422039695 0.0045252910721180336 0.014195912333725764 0.015434616790550741 -0.075140159158242348 0.068075404480567023 -0.066712173610334172 -0.076448454167344027 0.018554845517163313
leaf_weight=19.057857425883412 7.0159111451357603 5.4047303143888712 3.893421906977891 21.563855112530291 13.864441466517746 6.9190484210848791 8.5030687926337141 42.742701267823577 19.697404866106808 3.843293197453022 49.440074591897428 3.8982869153842321 5.5451612975448379 18.752047050744295
leaf_count=785 221 126 68 705 96 30 75 255 135 44 87 116 127 181
internal_value=-1.25108e-09 0.0206212 0.0261049 -0.0313075 -0.0187601 0.0310368 -0.0501798 0.00548315 0.0456998 -0.00476763 0.0535118 0.0043442 0.0131209 -0.00529194
internal_weight=230.141 138.957 131.941 91.1847 72.1269 126.536 30.0669 46.6361 79.8998 10.7623 69.1375 42.0599 38.1616 24.2972
internal_count=3051 966 745 2085 1300 619 780 323 296 74 222 520 404 308
is_linear=0
shrinkage=0.05


Tree=5
num_leaves=15
num_cat=0
split_feature=0 7 10 5 3 0 4 5 5 5 7 9 7 7
split_gain=49.9447 27.9005 20.3838 17.3504 16.6344 16.389 15.8372 8.84144 8.40688 8.20672 8.04486 11.1382 7.36914 7.99072
threshold=0.35000000894069677 -1.0000000180025095e-35 1.0000000180025095e-35 7.5000000000000009 1.0000000180025095e-35 0.15000000223517421 0.18500000238418582 7.5000000000000009 4.5000000000000009 40.500000000000007 -1.0000000180025095e-35 inf 8.5000000000000018 25.500000000000004
decision_type=10 10 10 10 8 8 10 8 8 10 8 8 10 10
left_child=2 6 7 -4 -3 -5 8 -1 -2 10 11 -7 -12 -14
right_child=1 4 3 5 -6 9 -8 -9 -10 -11 12 -13 13 -15
leaf_value=-0.018077220834891505 -0.064890858376899924 0.002592414958130616 -0.070760187841136843 -0.065750174179514148 0.053874499180580196 -0.067403477678106588 -0.07107716795670177 -0.075447217414901305 0.0090022018532066091 -0.059629835747883601 0.042961096562841389 0.046016493872853927 -0.063319227923271534 0.048940523042921805
leaf_weight=10.317807785235344 3.1632435815408835 22.434685258194804 8.6691745030693692 6.3897642120718947 53.437405437231064 4.4166501127183437 7.1878840597346416 23.512828201055527 50.420406484976411 2.4355056528002015 25.552740094251934 2.7161059994250536 3.0163892880082122 1.7036508331075308
leaf_count=213 84 181 323 270 136 126 245 875 320 59 125 11 79 4
internal_value=-6.69156e-10 0.0189207 -0.0290236 -0.00984419 0.0389418 0.00283507 -0.00630114 -0.0589716 0.0035311 0.0151754 0.0214719 -0.0238663 0.0325759 -0.0213279
internal_weight=225.374 136.644 88.7306 54.9 75.8721 46.2308 60.7715 33.8306 53.5837 39.841 37.4055 7.13276 30.2728 4.72004
internal_count=3051 966 2085 997 317 674 649 1088 404 404 345 137 208 83
is_linear=0
shrinkage=0.05


Tree=6
num_leaves=15
num_cat=0
split_feature=0 4 7 0 10 4 5 10 7 5 7 0 3 8
split_gain=42.0177 25.667 23.1854 17.0278 15.3644 14.762 14.4268 12.9689 10.3255 9.67511 7.36857 9.12846 7.48583 15.5427
threshold=0.35000000894069677 0.014999999664723875 -1.0000000180025095e-35 0.15000000223517421 1.0000000180025095e-35 0.18500000238418582 7.5000000000000009 1.0000000180025095e-35 4.5000000000000009 7.5000000000000009 -1.0000000180025095e-35 0.15000000223517421 1.0000000180025095e-35 2.5000000000000004
decision_type=10 8 10 8 10 10 10 8 10 8 8 10 10 10
left_child=3 -2 5 -1 9 -3 -6 8 -4 -5 11 -8 13 -12
right_child=1 2 7 4 6 -7 10 -9 -10 -11 12 -13 -14 -15
leaf_value=-0.069691699363053569 -0.074835821666638588 0.0079299997423076789 0.024001507494696962 -0.0032598997840365186 -0.065558704713248872 -0.067211060655733831 0.034547266414170517 0.049553592976371276 -0.071536846486001088 -0.071755475238305541 -0.068162431255646749 -0.067085483211462335 0.040713560019980166 0.041117828892309319
leaf_weight=17.688791239168495 6.2080862997099757 49.706929362844676 7.2904026322066766 7.9396879496052861 5.8379620113410047 6.5042565008625379 2.8322149468585849 61.59733755979687 3.3131254753097892 14.242759483400734 4.9560442520305532 4.6440500812605023 20.591000190004706 6.2021500989794731
leaf_count=785 121 347 35 134 224 245 24 164 54 538 138 126 90 26
internal_value=-1.70531e-09 0.0173328 0.0223325 -0.0273542 -0.0153594 -0.00178747 0.00162115 0.0408787 -0.00944241 -0.0484372 0.0130008 -0.0290507 0.0234877 -0.00903437
internal_weight=219.555 134.62 128.412 84.9347 67.2459 56.2112 45.0634 72.2009 10.6035 22.1824 39.2255 7.47627 31.7492 11.1582
internal_count=3051 966 845 2085 1300 592 628 253 89 672 404 150 254 164
is_linear=0
shrinkage=0.05


Tree=7
num_leaves=15
num_cat=0
split_feature=0 3 6 0 10 5 7 9 5 5 5 7 7 7
split_gain=35.838 24.0102 16.031 15.2747 13.3639 12.3766 10.415 12.218 9.55525 9.20888 8.08029 6.95042 6.31287 6.63569
threshold=0.35000000894069677 1.0000000180025095e-35 1.0000000180025095e-35 0.15000000223517421 1.0000000180025095e-35 7.5000000000000009 -1.0000000180025095e-35 2.5000000000000004 54.500000000000007 44.500000000000007 7.5000000000000009 -1.0000000180025095e-35 8.5000000000000018 25.500000000000004
decision_type=10 8 8 8 10 10 10 8 8 10 8 8 10 10
left_child=3 8 9 -1 10 -6 7 -4 -2 -3 -5 -7 -13 -14
right_child=1 2 6 4 5 11 -8 -9 -10 -11 -12 12 13 -15
leaf_value=-0.067188534061539615 -0.023246018942570657 -0.074714829212367412 -0.06169959232679284 -0.0048868317378040751 -0.062669718826213958 -0.029949140190625737 0.051737544814425933 0.025992064478832452 0.039270797134520662 0.038859665180915395 -0.068718812551031586 0.031735941847471492 -0.061319330254341345 0.040217777631605091
leaf_weight=16.668116848450154 38.08202076330781 4.5197516158223152 3.6115792319178581 7.8721715537831187 5.4637053892947725 7.0912681985646486 48.47887643519789 29.147244319319725 6.3111541680991641 1.8899410702288149 13.183414560277017 26.396495245397094 3.2986447056755415 1.7147203050553796
leaf_count=785 486 76 115 134 224 150 110 143 31 5 538 155 94 5
internal_value=-8.4597e-10 0.0160664 0.0311218 -0.0258498 -0.0143953 0.00150425 0.0371967 0.014783 -0.013689 -0.0405017 -0.0461572 0.0119672 0.0220625 -0.0256778
internal_weight=213.729 132.041 87.6474 81.6885 65.0204 43.9648 81.2377 32.7588 44.3932 6.40969 21.0556 38.5011 31.4099 5.01337
internal_count=3051 966 449 2085 1300 628 368 258 517 81 672 404 254 99
is_linear=0
shrinkage=0.05


Tree=8
num_leaves=15
num_cat=0
split_feature=0 5 7 8 10 5 0 3 10 4 4 0 0 5
split_gain=32.5161 20.7463 18.7182 15.0577 13.8796 11.1967 10.7134 10.2557 9.57716 6.32321 15.9341 6.83621 6.60264 5.96658
threshold=0.35000000894069677 1.5000000000000002 -1.0000000180025095e-35 -1.0000000180025095e-35 1.0000000180025095e-35 7.5000000000000009 0.15000000223517421 1.0000000180025095e-35 inf 0.38499999046325689 1.1050000190734866 0.25000000745058065 0.35000000894069677 1.5000000000000002
decision_type=10 8 8 10 10 10 8 8 8 8 8 8 8 8
left_child=4 -2 -3 8 13 -6 -7 -5 -4 11 -11 -8 -13 -1
right_child=1 2 3 7 5 6 9 -9 -10 10 -12 12 -14 -15
leaf_value=-0.00029158279135363071 -0.07012664953844043 -0.044117840094628824 -0.067934256196377149 0.010759723437527208 -0.062467695878815524 -0.058427393033799548 0.05318493305583219 0.052475383434148475 0.0099292957776103679 -0.070187862692502989 0.020440746996095674 -0.059213486905324325 0.033094754928595031 -0.06163176792421781
leaf_weight=4.7152122189290822 5.777848313562572 9.6035005943849665 3.3596177427098146 21.869112222455442 7.2059039478190234 5.4838164704851797 11.576889353804296 48.401008287444711 41.080069595947862 5.9907963895238918 14.908359418623148 2.6055242819711557 3.2415822753682733 24.216466086916629
leaf_count=83 158 264 58 133 323 270 46 100 253 160 118 58 22 1005
internal_value=-8.05833e-10 0.0153859 0.0198882 0.0255818 -0.0249177 -0.00886602 0.00114841 0.039826 0.00267735 0.0109424 -0.00755693 0.0323371 -0.0106792 -0.0519784
internal_weight=210.036 130.091 124.313 114.71 79.9446 51.0129 43.807 70.2701 44.4397 38.3232 20.8992 17.424 5.84711 28.9317
internal_count=3051 966 808 544 2085 997 674 233 311 404 278 126 80 1088
is_linear=0
shrinkage=0.05


Tree=9
num_leaves=15
num_cat=0
split_feature=0 4 3 0 7 3 8 5 5 4 5 5 6 6
split_gain=30.0371 18.7618 18.5384 12.7604 12.6988 11.8789 13.2917 9.24601 8.77214 7.82799 6.78659 6.94235 8.16265 6.40514
threshold=0.35000000894069677 0.014999999664723875 1.0000000180025095e-35 0.15000000223517421 -1.0000000180025095e-35 1.0000000180025095e-35 2.5000000000000004 35.500000000000007 10.500000000000002 0.79500001668930065 36.500000000000007 32.500000000000007 2.5000000000000004 1.5000000000000002
decision_type=10 8 8 8 10 10 10 8 8 10 8 10 10 10
left_child=3 -2 9 -1 7 6 -5 8 13 -3 11 12 -7 -4
right_child=1 2 4 5 -6 10 -8 -9 -10 -11 -12 -13 -14 -15
leaf_value=-0.063460109904152726 -0.068886859941354059 -0.00031957319746273998 -0.069744168414849858 -0.061098359481427972 0.048911890745518175 0.011694073585155841 0.016273310513116875 -0.063669163483275074 0.032868154860177343 -0.065424340209584417 -0.055090473801683172 0.051633268556754257 -0.060637738380581389 0.011479067003153641
leaf_weight=15.621667405590413 5.4115120777860284 35.726457894779742 3.2787234960123897 18.176981319673363 47.834628041833639 21.645076440181587 7.3092685295268884 2.942594929598271 23.42223293799907 4.3039876222610465 3.2181657366454592 7.395305191166698 3.7122095972299567 5.0675546410493553
leaf_count=785 121 350 51 705 102 258 75 60 117 116 116 28 118 49
internal_value=1.7764e-09 0.0148162 0.0190391 -0.0244766 0.0324555 -0.0137101 -0.0391321 0.00904273 0.0175152 -0.00874343 0.00487336 0.0122228 -0.000793881 -0.0244767
internal_weight=205.066 127.988 122.576 77.0787 82.5457 61.457 25.4862 34.7111 31.7685 40.0304 35.9708 32.7526 25.3573 8.34628
internal_count=3051 966 845 2085 379 1300 780 277 217 466 520 404 376 100
is_linear=0
shrinkage=0.05


Tree=10
num_leaves=15
num_cat=0
split_feature=0 3 10 6 5 0 5 9 5 7 6 1 5 7
split_gain=28.0442 18.3534 12.2267 10.6243 9.74544 9.33084 7.99687 9.81148 6.80534 6.41793 5.83468 5.7624 5.35185 5.35674
threshold=0.35000000894069677 1.0000000180025095e-35 1.0000000180025095e-35 1.0000000180025095e-35 7.5000000000000009 0.15000000223517421 1.5000000000000002 2.5000000000000004 44.500000000000007 -1.0000000180025095e-35 3.5000000000000004 1.0000000180025095e-35 40.500000000000007 -1.0000000180025095e-35
decision_type=10 8 10 8 10 8 10 10 10 10 8 10 8 8
left_child=2 11 -1 8 -4 -6 7 -5 -3 10 -8 -2 13 -7
right_child=1 3 4 6 5 12 9 -9 -10 -11 -12 -13 -14 -15
leaf_value=-0.049696249014457121 0.039311532780602849 -0.067457571784257986 -0.059317805148245577 -0.066032297893373879 -0.055338631381115028 -0.022431190241823711 0.028382869511839021 0.039727430951976388 0.033728514649740977 0.050680373789749239 -0.02975725809620719 -0.018343658019800105 -0.051775917914448959 0.025754932318135051
leaf_weight=27.668398712296039 3.92755845747888 3.7390199769288301 6.8479756428860119 3.5694120125845066 5.2089310362935057 6.4042876670137048 25.586273214779794 3.2986502721905708 1.804677616804838 40.723489820957184 4.3044963832944658 38.208160270471126 2.1789539214223614 27.528591317590326
leaf_count=1088 18 76 323 90 270 137 134 16 5 78 50 499 59 208
internal_value=3.61351e-10 0.0145033 -0.0238135 0.0280302 -0.00823789 0.00142904 0.0328782 -0.0166438 -0.0343972 0.0378599 0.019318 -0.0121827 0.0108879 0.0162788
internal_weight=200.999 125.162 75.8371 83.026 48.1687 41.3208 77.4823 6.86806 5.5437 70.6143 29.8908 42.1357 36.1118 33.9329
internal_count=3051 966 2085 449 997 674 368 106 81 262 184 517 404 345
is_linear=0
shrinkage=0.05


Tree=11
num_leaves=15
num_cat=0
split_feature=0 7 5 6 3 0 8 3 8 8 8 5 5 6
split_gain=25.844 16.9147 12.8023 13.1821 10.9385 10.9063 10.5467 9.74873 11.8403 7.45794 6.34457 5.47938 5.34099 6.50284
threshold=0.35000000894069677 -1.0000000180025095e-35 1.5000000000000002 1.0000000180025095e-35 1.0000000180025095e-35 0.15000000223517421 1.0000000180025095e-35 1.0000000180025095e-35 2.5000000000000004 1.0000000180025095e-35 -1.0000000180025095e-35 36.500000000000007 32.500000000000007 2.5000000000000004
decision_type=10 8 8 8 8 8 8 10 10 10 10 8 10 10
left_child=5 -2 -3 6 9 -1 -4 8 -7 -5 -6 12 13 -9
right_child=1 2 3 4 10 7 -8 11 -10 -11 -12 -13 -14 -15
leaf_value=-0.060564998767772382 -0.0441852822863575 -0.06084255969543792 0.029607032952032777 -0.020872688068192712 0.019041111192700771 -0.05807887809403553 -0.072503353100662971 0.0097639268071741947 0.015586731830260981 0.026713078030446414 0.051423140060045835 -0.051711034837443659 0.045062977658987639 -0.056690633419517349
leaf_weight=14.503096282249315 10.396463715936987 3.7830693526193517 3.5091524291783553 15.045965287368746 25.944101832807064 17.356904107378799 5.2683765739202499 21.480623825453225 7.2511123218573621 15.936752176843582 42.218229962512851 2.9822616358287624 7.3231625873595467 3.4024995693471274
leaf_count=785 312 110 18 184 107 705 86 258 75 72 77 116 28 118
internal_value=4.65893e-11 0.0141137 0.0198835 0.0232458 0.0284884 -0.0230735 -0.0328279 -0.0131337 -0.0366112 0.00367418 0.0395513 0.00384261 0.0103892 -0.0011622
internal_weight=196.402 122.102 111.706 107.923 99.145 74.2997 8.77753 59.7966 24.608 30.9827 68.1623 35.1885 32.2063 24.8831
internal_count=3051 966 654 544 440 2085 104 1300 780 256 184 520 404 376
is_linear=0
shrinkage=0.05


Tree=12
num_leaves=15
num_cat=0
split_feature=0 4 3 10 5 6 0 4 9 7 10 8 5 5
split_gain=23.9606 16.0397 15.0551 10.4191 8.25006 7.80408 7.58834 6.95765 7.52747 8.24738 6.7842 6.86396 6.23611 5.70084
threshold=0.35000000894069677 0.014999999664723875 1.0000000180025095e-35 1.0000000180025095e-35 7.5000000000000009 1.0000000180025095e-35 0.15000000223517421 0.024999999441206459 1.0000000180025095e-35 -1.0000000180025095e-35 1.0000000180025095e-35 -1.0000000180025095e-35 56.500000000000007 44.500000000000007
decision_type=10 8 8 10 10 8 8 8 8 10 8 10 10 10
left_child=3 -2 7 -1 -5 13 -6 -3 -9 12 -7 -12 -10 -4
right_child=1 2 5 4 6 10 -8 8 9 -11 11 -13 -14 -15
leaf_value=-0.047361762329700824 -0.065938799418119198 0.061435432182648159 -0.061140161848645819 -0.056665476830623909 -0.052455093975357074 -0.012500845530578284 0.0092123721214980338 -0.069185613293614598 -0.03735076987642421 0.02256267277017757 0.018481920370512935 0.052432793475289119 0.050048849788322407 0.03462752869748266
leaf_weight=25.820732076186687 5.0497625190764666 2.344951338134706 3.095230583101511 6.3765393747016779 4.776441804599016 6.5131084388121954 35.583049378357828 4.2962131947278976 15.439949612133208 14.30463098362088 26.147187100723386 39.23365446832031 1.4528912305831916 1.6878036037087438
leaf_count=1088 121 5 72 323 270 63 404 87 271 102 131 109 1 4
internal_value=3.49146e-10 0.0137208 0.017774 -0.0224896 -0.00804387 0.0303831 0.000822371 -0.00790167 -0.0140405 -0.00453349 0.0345348 0.0393381 -0.0274568 -0.0272022
internal_weight=192.122 119.565 114.516 72.5568 46.736 76.677 40.3595 37.8386 35.4937 31.1975 71.894 65.3808 16.8928 4.78303
internal_count=3051 966 845 2085 997 379 674 466 461 374 303 240 272 76
is_linear=0
shrinkage=0.05


Tree=13
num_leaves=15
num_cat=0
split_feature=0 7 5 3 0 3 8 8 4 9 8 7 2 6
split_gain=23.5655 15.1328 12.3451 10.0184 9.38134 9.08029 9.46754 6.37329 6.14298 5.65113 5.1519 4.89667 8.45116 6.37559
threshold=0.35000000894069677 -6.4999999999999991 1.5000000000000002 1.0000000180025095e-35 0.15000000223517421 1.0000000180025095e-35 2.5000000000000004 -1.0000000180025095e-35 0.014999999664723875 1.0000000180025095e-35 1.0000000180025095e-35 -1.0000000180025095e-35 inf 1.5000000000000002
decision_type=10 8 8 8 8 10 10 10 10 8 10 10 8 8
left_child=4 -2 -3 9 -1 6 -6 -5 -9 -4 -11 12 -7 -13
right_child=1 2 3 7 5 11 -8 8 -10 10 -12 13 -14 -15
leaf_value=-0.058304046263333735 -0.058547373133825659 -0.059486194548309473 -0.045357939221595901 0.012163526511023351 -0.055991436465251954 -0.039337695224711061 0.01024318272063471 -0.0067871793081474858 0.049326116169959154 -0.011522702572981032 0.029076017726466116 0.034508581040981152 0.043852740202288298 -0.025701343666541022
leaf_weight=13.629794164560733 5.8896830882877111 3.9924279376864433 4.9815290989354253 27.961565176025033 16.650811126921329 10.774467402603477 7.375604633241891 5.2681438149884334 40.72375600785017 15.712876990437509 13.802348093129693 15.219277906697242 3.2073803655803177 5.2061492814682451
leaf_count=785 221 126 58 150 705 292 75 44 87 200 80 97 15 116
internal_value=1.1115e-09 0.0136925 0.0179591 0.0213276 -0.0223635 -0.0131403 -0.036062 0.0315903 0.042891 -0.000943579 0.00779335 0.00343214 -0.0186009 0.0186786
internal_weight=190.396 118.332 112.443 108.45 72.0635 58.4337 24.0264 73.9535 45.9919 34.4968 29.5152 34.4073 13.9818 20.4254
internal_count=3051 966 745 619 2085 1300 780 281 131 338 280 520 307 213
is_linear=0
shrinkage=0.05


Tree=14
num_leaves=15
num_cat=0
split_feature=0 7 3 0 3 8 5 8 5 4 4 7 4 5
split_gain=21.1276 13.9901 9.90574 8.65257 7.68405 8.64562 6.07768 5.77472 5.61727 6.27136 6.14447 4.63012 5.43973 4.21665
threshold=0.35000000894069677 -1.0000000180025095e-35 1.0000000180025095e-35 0.15000000223517421 1.0000000180025095e-35 2.5000000000000004 54.500000000000007 -1.0000000180025095e-35 38.500000000000007 0.78499999642372142 0.20499999821186068 -1.0000000180025095e-35 1.0000000180025095e-35 7.5000000000000009
decision_type=10 8 8 8 10 10 8 10 8 8 10 8 10 8
left_child=3 -2 6 -1 5 -5 8 -4 9 10 -3 -6 13 -13
right_child=1 2 7 4 11 -7 -8 -9 -10 -11 -12 12 -14 -15
leaf_value=-0.057108236604315327 -0.04166920438837763 -0.030020782907480888 0.010732842460263424 -0.054203481187952846 -0.035600497391056335 0.009751112443640398 0.041378064991399482 0.040236842327230911 -0.065534015546904065 -0.028638327991866872 0.037335707295073343 0.013430613830601987 0.023322880414796722 -0.057137410217034772
leaf_weight=12.88468556338921 9.7350718793459219 3.9392872070893707 28.036704196594656 15.715243783313783 5.5140845496207476 7.3322902442887417 5.3604650506749705 43.26191539503634 3.2755568204447618 12.340495773591103 10.490058500319718 3.4035421311855343 21.360293766949326 3.5149242235347629
leaf_count=785 312 50 170 705 148 75 20 121 43 194 56 53 195 124
internal_value=-7.46393e-12 0.0130019 0.0183303 -0.0215897 -0.0126901 -0.0342977 -0.0032509 0.0289439 -0.0122896 -0.00364933 0.0181931 0.00260896 0.0110209 -0.0251095
internal_weight=186.165 116.44 106.704 69.7251 56.8404 23.0475 35.4059 71.2986 30.0454 26.7698 14.4293 33.7928 28.2788 6.91847
internal_count=3051 966 654 2085 1300 780 363 291 343 300 106 520 372 177
is_linear=0
shrinkage=0.05


Tree=15
num_leaves=15
num_cat=0
split_feature=0 7 5 8 4 10 7 10 5 0 5 5 5 4
split_gain=18.7334 12.64 9.94089 9.18917 12.374 9.30235 9.20476 8.78094 7.17074 6.08476 5.02896 9.14328 4.43438 4.17145
threshold=0.35000000894069677 -1.0000000180025095e-35 1.5000000000000002 -1.0000000180025095e-35 1.6950000524520876 1.0000000180025095e-35 4.5000000000000009 1.0000000180025095e-35 7.5000000000000009 0.15000000223517421 24.500000000000004 32.500000000000007 7.5000000000000009 0.38499999046325689
decision_type=10 8 8 10 8 8 8 10 10 8 8 10 8 10
left_child=7 -2 -3 4 -4 6 -5 12 -9 -10 -6 -12 -1 -11
right_child=1 2 3 5 10 -7 -8 8 9 13 11 -13 -14 -15
leaf_value=-0.012036772791731445 -0.040232084042253508 -0.056022979967024079 -0.069048695462631218 0.025159347932342771 0.024645986425692806 0.041100998953141704 -0.066579923401893559 -0.053969635800575746 -0.049036103272942215 0.022858818547344981 -0.068990706540182176 0.01718012572482126 -0.058953569834520193 -0.011586117899512327
leaf_weight=8.0525010474957508 9.4803440910764021 3.4807906262576598 4.3603387866169214 6.0662169493734819 24.697005540132523 50.918304765596986 3.4985932875424623 5.903605675790458 4.2333718338049939 20.218187310732901 3.7829034971073252 7.8366284165531397 15.884427328128369 14.189014655537902
leaf_count=213 312 110 65 28 132 149 56 323 270 174 55 59 875 230
internal_value=-5.09786e-11 0.0123742 0.017476 0.0205286 0.00204051 0.032727 -0.0115226 -0.0205024 -0.00702984 0.0013223 0.0121974 -0.0141179 -0.0442861 0.0087282
internal_weight=182.602 114.121 104.641 101.16 40.6769 60.4831 9.56481 68.4811 44.5442 38.6406 36.3165 11.6195 23.9369 34.4072
internal_count=3051 966 654 544 311 233 84 2085 997 674 246 114 1088 404
is_linear=0
shrinkage=0.05


Tree=16
num_leaves=15
num_cat=0
split_feature=0 7 6 3 8 0 3 8 8 8 5 7 7 5
split_gain=18.7738 12.1854 10.2321 11.1573 7.92657 7.60291 7.024 7.86292 5.1004 5.8418 5.74087 5.1512 4.72005 4.59161
threshold=0.35000000894069677 -6.4999999999999991 1.0000000180025095e-35 1.0000000180025095e-35 1.0000000180025095e-35 0.15000000223517421 1.0000000180025095e-35 2.5000000000000004 1.0000000180025095e-35 1.5000000000000002 56.500000000000007 6.5000000000000009 -1.0000000180025095e-35 -1.0000000180025095e-35
decision_type=10 8 8 8 8 8 10 10 10 10 10 10 8 10
left_child=5 -2 4 8 -3 -1 7 -7 10 -10 -4 -11 -8 -14
right_child=1 2 3 -5 -6 6 12 -9 9 11 -12 -13 13 -15
leaf_value=-0.055323976347384701 -0.055078943136373654 0.020585028529072961 -0.034074060127949161 0.032545299776971411 -0.067859862661535014 -0.052713741026392126 -0.03628604606426316 0.0090205613496142697 0.036722798542787281 -0.062971236924300469 0.047796530855896004 0.020778262726295384 -0.046433386088224497 0.017592349535857112
leaf_weight=11.954803922679273 5.3530075075104833 3.6761681884527189 13.837829089723527 66.453996827360243 5.1548291016370058 15.18651955900714 5.4490318181924522 7.188382920343428 10.473910592496397 2.6844571484252802 1.6060700416564948 2.9241047911345959 2.1696538925170925 25.34377512941137
leaf_count=785 221 21 229 278 97 705 148 75 57 43 1 19 92 280
internal_value=7.12208e-11 0.0124937 0.0163596 0.0210664 -0.0326932 -0.0207028 -0.0123741 -0.0333429 -0.00338644 0.0158569 -0.0231711 -0.0227703 0.00242212 0.011092
internal_weight=179.457 112.164 106.811 97.9804 8.831 67.2922 55.3374 22.3749 31.5264 16.0825 15.4439 5.60856 32.9625 27.5134
internal_count=3051 966 745 627 118 2085 1300 780 349 119 230 62 520 372
is_linear=0
shrinkage=0.05


Tree=17
num_leaves=15
num_cat=0
split_feature=0 7 5 10 8 10 7 10 5 1 7 7 9 5
split_gain=18.2321 11.6044 9.26927 7.44786 7.0445 8.12839 7.55051 6.38625 5.98086 5.06254 4.2177 5.08488 7.06127 3.95766
threshold=0.35000000894069677 -1.0000000180025095e-35 1.5000000000000002 1.0000000180025095e-35 -1.0000000180025095e-35 1.0000000180025095e-35 4.5000000000000009 inf 7.5000000000000009 1.0000000180025095e-35 8.5000000000000018 -1.0000000180025095e-35 inf 1.5000000000000002
decision_type=10 8 8 10 10 8 8 8 10 10 10 8 8 8
left_child=3 -2 -3 13 7 6 -6 -4 -5 -10 11 12 -11 -1
right_child=1 2 4 8 5 -7 -8 -9 9 10 -12 -13 -14 -15
leaf_value=0.0024675566011783164 -0.038708454402666466 -0.054412213938790088 -0.057142485168051683 -0.052151002807841552 0.02218375686986462 0.039397109516000395 -0.062911458508402018 0.010221561800381675 -0.052286806198441532 -0.055115523100092483 -0.031910259158311603 0.024305994176383947 0.03855043832675166 -0.052029637970528189
leaf_weight=3.8945648218505085 9.1616265238262695 3.3692196556366998 2.8888570163398972 5.5493033737875512 5.9654422891326231 48.863435650244355 3.2034930288791656 36.29440457187593 3.2086910302750757 4.4962575724348426 5.2657106230035415 22.834318407811228 2.3034965973347425 18.925563072320077
leaf_count=83 312 110 58 323 28 149 56 253 138 162 150 212 12 1005
internal_value=-6.29817e-10 0.0124831 0.0174809 -0.0204875 0.0205012 0.0314158 -0.0108102 0.00395658 -0.00801234 -0.00041578 0.00567687 0.0131794 -0.0225107 -0.0430158
internal_weight=176.224 109.746 100.585 66.4779 97.2156 58.0324 9.16894 39.1833 43.6578 38.1085 34.8998 29.6341 6.79975 22.8201
internal_count=3051 966 654 2085 544 233 84 311 997 674 536 386 174 1088
is_linear=0
shrinkage=0.05


Tree=18
num_leaves=15
num_cat=0
split_feature=3 5 1 7 5 4 4 6 0 4 10 9 4 2
split_gain=17.5927 14.4617 12.2333 9.75893 7.33845 7.27764 8.97318 6.69318 6.54785 5.45046 5.25996 4.30562 4.13846 3.73673
threshold=1.0000000180025095e-35 -1.0000000180025095e-35 1.0000000180025095e-35 -6.4999999999999991 52.500000000000007 0.38499999046325689 0.2950000017881394 1.0000000180025095e-35 0.35000000894069677 1.0000000180025095e-35 1.0000000180025095e-35 -1.4999999999999998 0.61500000953674328 inf
decision_type=10 10 10 8 8 8 10 8 10 10 8 10 10 8
left_child=4 -2 -3 13 5 6 11 12 -6 -9 -11 -1 -5 -4
right_child=1 2 3 7 8 -7 -8 9 -10 10 -12 -13 -14 -15
leaf_value=0.020619284377917355 -0.059539230290995421 -0.055128339319242416 -0.053911997020683666 -0.054752882623643057 -0.043954404962213478 -0.039605280945327892 0.034709438192388108 0.014129635916327528 0.032911077668757505 -0.0035171566776264953 0.047614381504826719 -0.042088652552261137 0.013617467415144963 0.026490361321447345
leaf_weight=2.9211693978868416 5.4361555189825586 4.476548013277351 4.7010183422826231 2.9544635834172386 2.7502251882106057 36.709240160416812 8.4827020624652487 31.503210371360183 10.109253993257878 5.5614448785781851 41.138556725345552 10.482278146315371 4.3337489133700728 1.2560310773551462
leaf_count=26 227 215 194 87 173 1103 80 291 55 100 157 302 34 7
internal_value=2.56117e-10 0.0133448 0.0180469 0.0221865 -0.018853 -0.0262901 -0.00320205 0.0265772 0.0144867 0.0308394 0.0415791 -0.0279393 -0.0173603 -0.0355884
internal_weight=172.816 101.361 95.925 91.4485 71.4549 58.5954 21.8861 85.4914 12.8595 78.2032 46.7 13.4034 7.28821 5.95705
internal_count=3051 1312 1085 870 1739 1511 408 669 228 548 257 328 121 201
is_linear=0
shrinkage=0.05


Tree=19
num_leaves=15
num_cat=0
split_feature=0 4 7 4 0 10 10 7 5 5 4 4 0 9
split_gain=15.9379 11.1747 10.8054 9.09311 6.59933 5.51554 5.20532 5.75847 5.03536 4.20509 3.47674 9.45244 7.97045 3.45755
threshold=0.35000000894069677 0.014999999664723875 -1.0000000180025095e-35 0.024999999441206459 0.15000000223517421 1.0000000180025095e-35 1.0000000180025095e-35 4.5000000000000009 7.5000000000000009 7.5000000000000009 0.38499999046325689 1.1349999904632571 0.25000000745058065 2.5000000000000004
decision_type=10 8 10 10 8 10 8 10 10 8 10 10 10 10
left_child=4 -2 3 -3 -1 9 7 -4 -7 -6 12 -12 -10 -5
right_child=1 2 6 13 5 8 -8 -9 10 -11 11 -13 -14 -15
leaf_value=-0.053393469116111286 -0.059356230477166816 0.0088096477708188483 0.021848660178537052 -0.06220214038778632 -0.0023424885295433425 -0.048395399073969725 0.036723619663222337 -0.056765288938677917 0.032421511283243443 -0.05509765671759264 -0.0599333194018183 0.019887567901706323 -0.051568388424786518 0.0014717669974308736
leaf_weight=10.985283337533472 4.3034772947430611 38.745919371955097 5.8606092547997815 6.365089060738681 6.0728480527177471 3.8675665254704645 46.153908201493323 2.5367741761729121 16.425271702930335 9.4107862045057065 5.2039816598407915 8.3708884483203274 2.444456258788704 2.9366659736260772
leaf_count=785 121 314 35 222 134 224 164 54 109 538 160 70 65 56
internal_value=-7.96911e-10 0.0117126 0.0152377 -0.00208334 -0.0198149 -0.0118168 0.0302566 -0.0054133 -0.000903198 -0.0358039 0.00603588 -0.0127247 0.0194934 -0.0439081
internal_weight=169.684 106.902 102.599 48.0477 62.7811 51.7958 54.5513 8.39738 36.3122 15.4836 32.4446 13.5749 18.8697 9.30176
internal_count=3051 966 845 592 2085 1300 253 89 628 672 404 230 174 278
is_linear=0
shrinkage=0.05


end of trees

feature_importances:
Column_5=58
Column_7=45
Column_0=43
Column_4=33
Column_8=28
Column_3=24
Column_10=21
Column_6=14
Column_9=9
Column_1=3
Column_2=2

parameters:
[boosting: gbdt]
[objective: lambdarank]
[metric: ndcg]
[tree_learner: serial]
[device_type: cpu]
[data_sample_strategy: bagging]
[data: ]
[valid: ]
[num_iterations: 200]
[learning_rate: 0.05]
[num_leaves: 15]
[num_threads: 2]
[seed: 42]
[deterministic: 1]
[force_col_wise: 1]
[force_row_wise: 0]
[histogram_pool_size: -1]
[max_depth: -1]
[min_data_in_leaf: 20]
[min_sum_hessian_in_leaf: 0.001]
[bagging_fraction: 1]
[pos_bagging_fraction: 1]
[neg_bagging_fraction: 1]
[bagging_freq: 0]
[bagging_seed: 400]
[bagging_by_query: 0]
[feature_fraction: 1]
[feature_fraction_bynode: 1]
[feature_fraction_seed: 30056]
[extra_trees: 0]
[extra_seed: 12879]
[early_stopping_round: 0]
[early_stopping_min_delta: 0]
[first_metric_only: 0]
[max_delta_step: 0]
[lambda_l1: 0]
[lambda_l2: 1]
[linear_lambda: 0]
[min_gain_to_split: 0]
[drop_rate: 0.1]
[max_drop: 50]
[skip_drop: 0.5]
[xgboost_dart_mode: 0]
[uniform_drop: 0]
[drop_seed: 17869]
[top_rate: 0.2]
[other_rate: 0.1]
[min_data_per_group: 100]
[max_cat_threshold: 32]
[cat_l2: 10]
[cat_smooth: 10]
[max_cat_to_onehot: 4]
[top_k: 20]
[monotone_constraints: ]
[monotone_constraints_method: basic]
[monotone_penalty: 0]
[feature_contri: ]
[forcedsplits_filename: ]
[refit_decay_rate: 0.9]
[cegb_tradeoff: 1]
[cegb_penalty_split: 0]
[cegb_penalty_feature_lazy: ]
[cegb_penalty_feature_coupled: ]
[path_smooth: 0]
[interaction_constraints: ]
[verbosity: -1]
[saved_feature_importance_type: 0]
[use_quantized_grad: 0]
[num_grad_quant_bins: 4]
[quant_train_renew_leaf: 0]
[stochastic_rounding: 1]
[linear_tree: 0]
[max_bin: 255]
[max_bin_by_feature: ]
[min_data_in_bin: 3]
[bin_construct_sample_cnt: 200000]
[data_random_seed: 175]
[is_enable_sparse: 1]
[enable_bundle: 1]
[use_missing: 1]
[zero_as_missing: 0]
[feature_pre_filter: 1]
[pre_partition: 0]
[two_round: 0]
[header: 0]
[label_column: ]
[weight_column: ]
[group_column: ]
[ignore_column: ]
[categorical_feature: ]
[forcedbins_filename: ]
[precise_float_parser: 0]
[parser_config_file: ]
[objective_seed: 16083]
[num_class: 1]
[is_unbalance: 0]
[scale_pos_weight: 1]
[sigmoid: 1]
[boost_from_average: 1]
[reg_sqrt: 0]
[alpha: 0.9]
[fair_c: 1]
[poisson_max_delta_step: 0.7]
[tweedie_variance_power: 1.5]
[lambdarank_truncation_level: 30]
[lambdarank_norm: 1]
[label_gain: ]
[lambdarank_position_bias_regularization: 0]
[eval_at: 1,2,3,4,5]
[multi_error_top_k: 1]
[auc_mu_weights: ]
[num_machines: 1]
[local_listen_port: 12400]
[time_out: 120]
[machine_list_filename: ]
[machines: ]
[gpu_platform_id: -1]
[gpu_device_id: -1]
[gpu_use_dp: 0]
[num_gpu: 1]

end of parameters

pandas_categorical:null
